 0.338217 0.067155 0.065201 0.328449 0.412210 0.912005
  0.337485 0.067643 0.065934 0.329915 0.412210 0.912798
   0.337973 0.066178 0.064469 0.330159 0.410989 0.916194
    0.337973 0.064469 0.065690 0.330159 0.411477 0.913262
	 0.336752 0.069841 0.065934 0.330159 0.410989 0.915564
	  0.336264 0.065446 0.065201 0.330159 0.410745 0.915148
	   0.336752 0.066667 0.064957 0.329915 0.412210 0.916719
	    0.337973 0.066667 0.065934 0.331136 0.411233 0.915094
		 0.337485 0.065690 0.064713 0.329426 0.410989 0.914412
		  0.337973 0.067399 0.065934 0.330403 0.412210 0.912579
		   0.337729 0.066178 0.065690 0.330159 0.411233 0.912743
		    0.337973 0.066422 0.065690 0.330159 0.410745 0.912633
			 0.336508 0.064957 0.065934 0.330159 0.411477 0.914465
			  0.336752 0.065446 0.064957 0.329426 0.412210 0.912281
			   0.335775 0.066667 0.065446 0.330159 0.412210 0.910636
			    0.336752 0.065201 0.065690 0.329915 0.410012 0.915148
				 0.337729 0.066178 0.065934 0.329915 0.412210 0.913534
				  0.337729 0.065201 0.064957 0.330159 0.410745 0.909491
				   0.337973 0.065690 0.064713 0.330159 0.410989 0.910860
				    0.336752 0.066178 0.065690 0.329915 0.413187 0.912281
					 0.337973 0.068620 0.065201 0.330159 0.410501 0.913371
					  0.336508 0.066178 0.065690 0.330159 0.412210 0.913999
					   0.337729 0.065934 0.064713 0.331136 0.411233 0.913371
					    0.337973 0.066667 0.063736 0.328205 0.413187 0.920176
						 0.336752 0.066911 0.065690 0.329670 0.411233 0.906642
						  0.335775 0.066422 0.065690 0.330159 0.412210 0.915094
						   0.337973 0.066422 0.064713 0.330159 0.412210 0.913945
						    0.336752 0.065446 0.065446 0.332112 0.411233 0.912115
							 0.337973 0.066178 0.065934 0.330159 0.410745 0.914573
							  0.337973 0.066178 0.065934 0.330403 0.413187 0.915670
							   0.337729 0.065690 0.064957 0.331136 0.412210 0.910916
							    0.336020 0.066667 0.065690 0.330647 0.412210 0.920226
								 0.337973 0.064469 0.064957 0.330159 0.410989 0.914519
