 0.340171 0.072283 0.065201 0.335287 0.412210 0.924826
  0.341148 0.072039 0.066178 0.336996 0.412210 0.922544
   0.341392 0.072527 0.065934 0.336264 0.410256 0.917293
    0.341148 0.074969 0.065201 0.336996 0.410256 0.924826
	 0.341392 0.071795 0.065934 0.337241 0.409524 0.915987
	  0.340904 0.071551 0.065201 0.336508 0.412210 0.911654
	   0.342857 0.072283 0.066422 0.337973 0.412210 0.918495
	    0.339683 0.072772 0.065934 0.336752 0.410989 0.917714
		 0.340904 0.072283 0.066422 0.336996 0.413187 0.916667
		  0.340659 0.074481 0.065934 0.337485 0.411477 0.909944
		   0.339683 0.071551 0.064957 0.336752 0.412210 0.924433
		    0.339194 0.072772 0.065690 0.337973 0.413187 0.919598
			 0.341148 0.070818 0.065201 0.335775 0.412210 0.919021
			  0.340904 0.072772 0.066178 0.337973 0.410989 0.917293
			   0.341392 0.070818 0.065201 0.335287 0.411722 0.919648
			    0.341392 0.072283 0.066178 0.336508 0.410012 0.918393
				 0.340904 0.072283 0.065446 0.336020 0.410989 0.919598
				  0.341392 0.072283 0.064957 0.336264 0.411966 0.923659
				   0.341880 0.073260 0.065201 0.336264 0.413187 0.920804
				    0.340415 0.071062 0.066178 0.334799 0.412210 0.919598
					 0.338217 0.072527 0.066667 0.337973 0.413187 0.919021
					  0.340659 0.071551 0.064957 0.334554 0.411722 0.918495
					   0.341880 0.070818 0.065934 0.337973 0.411477 0.916093
					    0.341880 0.070574 0.065690 0.336752 0.410989 0.917920
						 0.340171 0.072527 0.065201 0.335775 0.410989 0.922495
						  0.341880 0.069109 0.065201 0.335775 0.411233 0.915572
						   0.341880 0.069841 0.065201 0.336264 0.412210 0.915987
						    0.341880 0.071551 0.065934 0.336752 0.412210 0.919497
							 0.340171 0.072283 0.066178 0.335775 0.410989 0.916667
							  0.339438 0.071062 0.064713 0.336020 0.411477 0.919021
							   0.341880 0.072772 0.066422 0.336508 0.411722 0.926536
							    0.338706 0.072283 0.065934 0.336752 0.412210 0.914160
								 0.341148 0.071062 0.064957 0.335287 0.411722 0.918970
