 0.342613 0.082051 0.066422 0.335531 0.412210 0.915201
  0.342125 0.080098 0.067888 0.335043 0.412210 0.911599
   0.341880 0.079853 0.066667 0.334554 0.409768 0.911265
    0.342125 0.081319 0.065690 0.335287 0.412210 0.917981
	 0.343101 0.084005 0.066667 0.334310 0.412210 0.912060
	  0.341636 0.082051 0.065934 0.334554 0.412210 0.914160
	   0.341636 0.082295 0.066178 0.335775 0.412210 0.918663
	    0.342613 0.080586 0.065201 0.335775 0.411233 0.904941
		 0.342857 0.081563 0.065934 0.335043 0.412210 0.911654
		  0.341636 0.083272 0.065934 0.335287 0.411233 0.915201
		   0.342857 0.081319 0.065690 0.333822 0.410256 0.912688
		    0.341636 0.081074 0.065934 0.334310 0.412210 0.914573
			 0.340659 0.080830 0.065690 0.333822 0.412210 0.915148
			  0.341880 0.082051 0.066422 0.335531 0.410989 0.916194
			   0.343101 0.082295 0.066178 0.335775 0.410501 0.913945
			    0.341880 0.081319 0.064713 0.334310 0.410012 0.915776
				 0.340659 0.081563 0.066422 0.335531 0.411477 0.906642
				  0.341636 0.081319 0.066422 0.333822 0.410745 0.910401
				   0.340659 0.080098 0.065934 0.333822 0.411233 0.912743
				    0.341636 0.084249 0.066422 0.337973 0.411233 0.917293
					 0.342125 0.082051 0.065690 0.335043 0.409280 0.913371
					  0.341636 0.084493 0.065934 0.335287 0.410989 0.925833
					   0.342857 0.082540 0.066178 0.334799 0.410256 0.912115
					    0.340659 0.081563 0.066178 0.334799 0.412210 0.910401
						 0.342125 0.079853 0.066422 0.335775 0.412210 0.921334
						  0.342125 0.081074 0.066178 0.335775 0.411233 0.918084
						   0.342125 0.082295 0.066422 0.334799 0.410256 0.912743
						    0.342857 0.080586 0.065690 0.331868 0.411233 0.923659
							 0.340415 0.084005 0.065446 0.334799 0.410989 0.913480
							  0.342613 0.082784 0.066911 0.335287 0.410012 0.911599
							   0.339683 0.084005 0.065446 0.335775 0.413187 0.916929
							    0.340171 0.079853 0.065201 0.334310 0.410501 0.913999
								 0.340659 0.080342 0.064957 0.333822 0.410501 0.912907
