 0.348230 0.257387 0.062759 0.341880 0.412698 0.897050
  0.348230 0.258120 0.066911 0.342857 0.412454 0.900629
   0.349695 0.260073 0.066422 0.343101 0.410012 0.892857
    0.348474 0.260317 0.066911 0.341880 0.413187 0.899434
	 0.348962 0.258120 0.066911 0.342125 0.412210 0.892163
	  0.349695 0.259829 0.068864 0.343834 0.413187 0.894737
	   0.348962 0.257387 0.065934 0.341880 0.412943 0.901948
	    0.349695 0.258364 0.066178 0.341880 0.413187 0.895494
		 0.350672 0.261294 0.066667 0.342125 0.412454 0.899497
		  0.348962 0.256899 0.066178 0.342125 0.413187 0.899434
		   0.348962 0.258120 0.067399 0.342613 0.412210 0.899434
		    0.349695 0.257143 0.066422 0.341636 0.413187 0.901382
			 0.348474 0.257387 0.065934 0.341636 0.411966 0.897243
			  0.349206 0.258364 0.067399 0.343590 0.411966 0.897806
			   0.350427 0.258608 0.065934 0.341636 0.412210 0.898305
			    0.347985 0.258364 0.066911 0.342369 0.412210 0.899434
				 0.347985 0.258364 0.069597 0.343834 0.412210 0.895794
				  0.346520 0.258120 0.066422 0.341880 0.413187 0.897677
				   0.349451 0.258120 0.066178 0.341636 0.412210 0.900691
				    0.348474 0.259829 0.066422 0.341392 0.412210 0.897243
					 0.351648 0.257631 0.066422 0.341880 0.411966 0.900063
					  0.349695 0.258608 0.066422 0.340659 0.413187 0.896616
					   0.349695 0.256410 0.065934 0.342125 0.413187 0.900754
					    0.351648 0.257875 0.066911 0.341636 0.411966 0.897243
						 0.347985 0.256166 0.066422 0.342369 0.412210 0.901948
						  0.348962 0.258120 0.067643 0.341636 0.412210 0.901763
						   0.348474 0.258120 0.066911 0.342369 0.413187 0.900691
						    0.349695 0.257143 0.065934 0.343834 0.412698 0.900126
							 0.346520 0.258608 0.067155 0.342613 0.413187 0.898177
							  0.348962 0.260806 0.066422 0.343101 0.412210 0.900063
							   0.349695 0.256166 0.066911 0.342369 0.411966 0.894671
							    0.348230 0.258364 0.066911 0.343590 0.413187 0.896616
								 0.347497 0.257875 0.067155 0.343101 0.413187 0.898933
