 0.359219 0.345055 0.067888 0.315507 0.409280 0.954375
  0.358730 0.345299 0.067888 0.313553 0.407082 0.962823
   0.358242 0.344567 0.066911 0.311111 0.406349 0.958621
    0.358730 0.345055 0.066911 0.312821 0.405861 0.959196
	 0.358730 0.343590 0.068376 0.313553 0.407570 0.963407
	  0.359219 0.344811 0.067155 0.312576 0.406349 0.959196
	   0.359219 0.343590 0.066422 0.313553 0.406105 0.957393
	    0.357509 0.344567 0.067155 0.312332 0.406593 0.959824
		 0.357753 0.345788 0.068864 0.313797 0.408303 0.951754
		  0.358974 0.346520 0.067888 0.315507 0.407082 0.961031
		   0.358486 0.346276 0.067888 0.314530 0.406105 0.957967
		    0.358486 0.345299 0.068376 0.313309 0.407082 0.960402
			 0.357509 0.344811 0.067155 0.313553 0.406105 0.958569
			  0.358242 0.348230 0.068376 0.314530 0.408303 0.956767
			   0.357509 0.345055 0.067643 0.313797 0.408303 0.956767
			    0.357265 0.344811 0.066911 0.313553 0.406838 0.954688
				 0.357265 0.346032 0.068132 0.314530 0.408303 0.961611
				  0.357265 0.344811 0.067643 0.312332 0.408303 0.960377
				   0.355311 0.345788 0.067155 0.314530 0.406593 0.961587
				    0.358974 0.345055 0.067643 0.312332 0.407082 0.964713
					 0.356288 0.343590 0.067888 0.315507 0.408303 0.954831
					  0.359219 0.345788 0.067155 0.312821 0.406105 0.958569
					   0.358242 0.344567 0.066911 0.314530 0.407082 0.960402
					    0.358730 0.345788 0.068376 0.314774 0.406838 0.965256
						 0.357265 0.344322 0.067155 0.313309 0.408303 0.957152
						  0.357265 0.345788 0.067643 0.314530 0.407570 0.958569
						   0.358486 0.345055 0.068376 0.312332 0.406105 0.961104
						    0.358974 0.344567 0.067643 0.314530 0.407814 0.959824
							 0.357509 0.344567 0.067888 0.312332 0.407082 0.956168
							  0.358242 0.343101 0.066667 0.314530 0.406105 0.963476
							   0.359219 0.347741 0.068376 0.313797 0.407082 0.956767
							    0.357265 0.345788 0.068376 0.314530 0.407082 0.957393
								 0.357509 0.344567 0.066911 0.313065 0.406838 0.960377
