 0.356288 0.348230 0.068376 0.287424 0.405372 0.920276
  0.357509 0.347497 0.067888 0.286935 0.406349 0.922446
   0.357509 0.347497 0.068620 0.287424 0.406349 0.920426
    0.357509 0.348474 0.068620 0.288156 0.404151 0.924433
	 0.356777 0.347741 0.068620 0.288156 0.406838 0.922110
	  0.356777 0.347497 0.068376 0.287179 0.405128 0.925063
	   0.357509 0.347741 0.067643 0.287179 0.405372 0.920854
	    0.355311 0.346764 0.068132 0.287912 0.407326 0.922159
		 0.357509 0.345788 0.068376 0.288401 0.406105 0.920426
		  0.357021 0.349206 0.068620 0.288401 0.406105 0.923367
		   0.358486 0.347009 0.067155 0.287179 0.406349 0.916824
		    0.356288 0.351648 0.069597 0.285714 0.405372 0.920226
			 0.357509 0.346032 0.069597 0.287912 0.404151 0.923803
			  0.356532 0.348718 0.068376 0.285958 0.404151 0.923174
			   0.356532 0.346764 0.067643 0.286935 0.406349 0.919799
			    0.354335 0.347253 0.068620 0.288401 0.407326 0.919173
				 0.359463 0.347009 0.068132 0.287179 0.404151 0.919173
				  0.355311 0.347253 0.068864 0.288156 0.406349 0.920904
				   0.353358 0.346520 0.067888 0.288156 0.406349 0.923319
				    0.356288 0.347497 0.068376 0.286935 0.406349 0.918970
					 0.357509 0.349695 0.068620 0.289133 0.405372 0.923803
					  0.356532 0.348962 0.068620 0.287668 0.405372 0.926183
					   0.357265 0.347253 0.068132 0.286935 0.405861 0.927353
					    0.357509 0.347985 0.069109 0.288889 0.406105 0.922159
						 0.356532 0.347497 0.068132 0.288401 0.406349 0.917293
						  0.355311 0.347741 0.068132 0.287179 0.405861 0.920426
						   0.357509 0.349695 0.068376 0.287912 0.403907 0.925016
						    0.356777 0.346032 0.068864 0.288401 0.405617 0.917817
							 0.357509 0.348718 0.067643 0.287179 0.405617 0.919799
							  0.356777 0.348718 0.068620 0.290110 0.405617 0.926322
							   0.357509 0.350183 0.068376 0.286935 0.404151 0.922739
							    0.356532 0.349695 0.068620 0.288156 0.404396 0.920376
								 0.357509 0.347009 0.067888 0.286935 0.405128 0.917241
