 0.349695 0.378022 0.225885 0.067888 0.364347 0.905151
  0.347497 0.377778 0.224420 0.067155 0.363370 0.905210
   0.350427 0.374847 0.226862 0.067155 0.362637 0.902256
    0.350916 0.378266 0.225885 0.067399 0.362882 0.907372
	 0.349451 0.378022 0.225153 0.066911 0.361172 0.902882
	  0.349451 0.378999 0.225153 0.066422 0.362393 0.905091
	   0.349695 0.377534 0.225885 0.067643 0.361172 0.909148
	    0.349451 0.377289 0.225641 0.066911 0.360195 0.904583
		 0.350427 0.378510 0.228571 0.065690 0.363126 0.905720
		  0.349451 0.377289 0.225641 0.066911 0.361172 0.904523
		   0.351648 0.378022 0.226129 0.067399 0.362637 0.904583
		    0.350427 0.381197 0.225397 0.066422 0.363370 0.905091
			 0.350916 0.378266 0.226129 0.066911 0.363370 0.903870
			  0.347497 0.377289 0.225153 0.066911 0.362637 0.902256
			   0.349451 0.374603 0.225397 0.067399 0.363614 0.912413
			    0.352137 0.377778 0.225641 0.067643 0.361905 0.901948
				 0.348474 0.377289 0.225641 0.066667 0.364347 0.905660
				  0.349451 0.378999 0.225885 0.066667 0.362393 0.905091
				   0.349451 0.378266 0.225885 0.067155 0.363126 0.902256
				    0.350916 0.378999 0.225153 0.065934 0.362393 0.908517
					 0.350672 0.378266 0.226129 0.067888 0.361172 0.905720
					  0.351648 0.377045 0.226129 0.067643 0.361905 0.903205
					   0.349939 0.380952 0.225885 0.067399 0.363614 0.906171
					    0.350427 0.377778 0.225885 0.067399 0.363370 0.907605
						 0.349206 0.381441 0.227595 0.067643 0.363370 0.905720
						  0.350672 0.379976 0.226129 0.067399 0.363126 0.906801
						   0.349939 0.379976 0.225153 0.066911 0.363370 0.902256
						    0.349695 0.374847 0.225885 0.067643 0.365324 0.905838
							 0.351404 0.378999 0.225153 0.068376 0.365324 0.902882
							  0.350672 0.377534 0.224420 0.067643 0.364347 0.905720
							   0.350672 0.379976 0.226618 0.067399 0.361661 0.905151
							    0.349451 0.380220 0.225397 0.065934 0.362149 0.903388
								 0.348962 0.374847 0.225153 0.067643 0.364347 0.906348
