 0.348718 0.380952 0.292308 0.065690 0.352625 0.908349
  0.350427 0.378755 0.291819 0.065446 0.349451 0.911209
   0.350672 0.382906 0.292552 0.064957 0.351160 0.912413
    0.349695 0.380220 0.293040 0.064469 0.350427 0.906524
	 0.349695 0.378999 0.292552 0.065690 0.349939 0.906700
	  0.349695 0.379243 0.290843 0.065690 0.351160 0.907268
	   0.350427 0.379976 0.292308 0.065446 0.351404 0.908406
	    0.352381 0.380952 0.290843 0.064957 0.352137 0.912989
		 0.348962 0.378755 0.291819 0.064713 0.352625 0.913728
		  0.350183 0.382906 0.291331 0.064469 0.350672 0.914719
		   0.350672 0.381197 0.292064 0.065446 0.351160 0.907372
		    0.351648 0.378755 0.293040 0.064713 0.351893 0.913999
			 0.349939 0.377778 0.293040 0.064713 0.351160 0.910119
			  0.349206 0.378755 0.294994 0.066911 0.351893 0.907210
			   0.347985 0.378755 0.292308 0.065446 0.351893 0.907779
			    0.349695 0.378999 0.290843 0.064469 0.350916 0.908977
				 0.349451 0.378755 0.293040 0.064957 0.351160 0.907837
				  0.350672 0.380952 0.290843 0.065690 0.351404 0.918342
				   0.350183 0.381441 0.293040 0.065201 0.351648 0.908406
				    0.350183 0.378755 0.293285 0.065446 0.352137 0.909604
					 0.348962 0.380952 0.293040 0.064957 0.352625 0.908977
					  0.350427 0.381441 0.293040 0.065446 0.354579 0.908464
					   0.350672 0.378755 0.291819 0.064469 0.350672 0.905388
					    0.347497 0.378755 0.292552 0.065201 0.352625 0.909604
						 0.349451 0.380952 0.291331 0.065690 0.351404 0.906583
						  0.351648 0.381197 0.296948 0.066422 0.351160 0.907093
						   0.349695 0.379731 0.291819 0.065446 0.351160 0.911153
						    0.349695 0.378755 0.292308 0.065690 0.349451 0.908234
							 0.350183 0.380220 0.291331 0.064957 0.351404 0.907895
							  0.350427 0.378999 0.292308 0.065446 0.350672 0.907721
							   0.350672 0.381441 0.292308 0.064957 0.352625 0.919446
							    0.349451 0.378755 0.291819 0.064957 0.353602 0.908977
								 0.350427 0.378755 0.291331 0.064957 0.353602 0.906642
