 0.351404 0.379487 0.341148 0.063736 0.341880 0.924765
  0.351893 0.378999 0.343834 0.063492 0.342857 0.928392
   0.350427 0.379731 0.344322 0.064469 0.342369 0.927136
    0.351893 0.380952 0.341392 0.064225 0.343834 0.918393
	 0.351893 0.378755 0.341880 0.064225 0.342857 0.926906
	  0.351648 0.380952 0.341880 0.064469 0.342125 0.918546
	   0.353846 0.377778 0.339683 0.065446 0.342857 0.927090
	    0.352381 0.378755 0.341392 0.064225 0.342613 0.925926
		 0.349451 0.379976 0.342125 0.064469 0.342857 0.923995
		  0.351648 0.378755 0.341880 0.063492 0.342369 0.927718
		   0.351648 0.378755 0.341880 0.064713 0.343101 0.924185
		    0.351893 0.380464 0.341880 0.063492 0.342613 0.927181
			 0.351160 0.378999 0.339683 0.063736 0.343834 0.925926
			  0.351648 0.382906 0.341880 0.064469 0.343101 0.927318
			   0.348474 0.378999 0.341148 0.064713 0.342125 0.921679
			    0.351648 0.376801 0.341880 0.064225 0.343346 0.934714
				 0.351648 0.378755 0.340659 0.063492 0.339683 0.924765
				  0.351648 0.377045 0.341880 0.064957 0.341636 0.923995
				   0.349451 0.378999 0.341148 0.064225 0.340904 0.924185
				    0.351648 0.379487 0.341880 0.063736 0.342125 0.925926
					 0.351648 0.378755 0.341392 0.064713 0.342857 0.922451
					  0.351648 0.382906 0.341880 0.063736 0.343590 0.921003
					   0.351893 0.379487 0.340904 0.064469 0.342857 0.924185
					    0.353602 0.378266 0.341880 0.064713 0.342613 0.926322
						 0.350916 0.378755 0.339683 0.063736 0.343834 0.929648
						  0.350672 0.378999 0.341880 0.063492 0.341636 0.923995
						   0.351648 0.377289 0.340659 0.064713 0.341636 0.929515
						    0.350672 0.379243 0.341880 0.063492 0.341636 0.919547
							 0.350672 0.378755 0.341880 0.063492 0.342857 0.923415
							  0.351648 0.378266 0.340659 0.064469 0.343101 0.924765
							   0.351648 0.378755 0.341880 0.062759 0.343834 0.923415
							    0.352137 0.378755 0.341392 0.063248 0.343834 0.929065
								 0.350916 0.382906 0.341880 0.065446 0.343834 0.924670
