 0.358730 0.378755 0.367033 0.063980 0.334066 0.927945
  0.355556 0.380952 0.369231 0.063004 0.331868 0.930232
   0.356532 0.378755 0.368498 0.064469 0.332357 0.931533
    0.356777 0.378266 0.365079 0.063492 0.332112 0.932331
	 0.357509 0.378999 0.367521 0.064469 0.331380 0.928571
	  0.355800 0.378755 0.369231 0.063736 0.333089 0.926692
	   0.355311 0.379487 0.367033 0.063492 0.329915 0.939835
	    0.357509 0.379976 0.367033 0.063492 0.331868 0.931533
		 0.356532 0.379976 0.367277 0.063248 0.332357 0.932246
		  0.356044 0.383639 0.369231 0.064713 0.332112 0.921495
		   0.357021 0.378755 0.367521 0.063492 0.334066 0.932331
		    0.356532 0.378755 0.366545 0.064225 0.329915 0.929824
			 0.357509 0.379243 0.369231 0.064469 0.332357 0.930904
			  0.356044 0.382662 0.367521 0.063492 0.332112 0.930364
			   0.356288 0.379487 0.367277 0.064469 0.332112 0.933375
			    0.354823 0.378999 0.367033 0.064469 0.332845 0.931360
				 0.355311 0.378755 0.368010 0.063492 0.331868 0.933501
				  0.354335 0.380952 0.367521 0.063492 0.330891 0.928437
				   0.356044 0.379731 0.367033 0.064957 0.330159 0.927854
				    0.356288 0.379731 0.367521 0.063980 0.332357 0.930948
					 0.354579 0.380464 0.367033 0.066911 0.331868 0.934087
					  0.356288 0.380220 0.369231 0.063736 0.332112 0.928437
					   0.356532 0.380220 0.367033 0.063248 0.332112 0.935889
					    0.356044 0.381929 0.369231 0.063980 0.331868 0.930276
						 0.357021 0.378755 0.366789 0.064469 0.331624 0.931533
						  0.355800 0.381929 0.367521 0.063248 0.332357 0.931576
						   0.357509 0.378999 0.369231 0.064225 0.332601 0.929198
						    0.357509 0.381197 0.369231 0.064713 0.329915 0.929780
							 0.356044 0.380952 0.367033 0.063248 0.332112 0.933123
							  0.356777 0.379487 0.369231 0.063980 0.333089 0.928571
							   0.356044 0.379487 0.365079 0.063004 0.331136 0.932331
							    0.357509 0.380464 0.368498 0.063492 0.332112 0.934467
								 0.355800 0.381441 0.369231 0.063248 0.331380 0.927990
