 0.351648 0.384860 0.374847 0.063980 0.314530 0.911027
  0.350672 0.382173 0.377045 0.063004 0.312332 0.913371
   0.353846 0.383150 0.378999 0.062759 0.314530 0.907268
    0.350183 0.382173 0.377045 0.063248 0.312332 0.908920
	 0.351648 0.380952 0.374847 0.063492 0.314286 0.911599
	  0.351648 0.382662 0.376801 0.062515 0.314042 0.913317
	   0.351648 0.384860 0.376557 0.063004 0.315507 0.913999
	    0.349451 0.384371 0.378999 0.063004 0.314530 0.913891
		 0.349939 0.383639 0.374847 0.063004 0.314530 0.912281
		  0.349451 0.381929 0.376557 0.063492 0.314530 0.911654
		   0.350672 0.382906 0.375824 0.062759 0.314774 0.915776
		    0.350672 0.384860 0.377045 0.063980 0.315018 0.912743
			 0.351160 0.383883 0.374847 0.062515 0.315507 0.916352
			  0.349451 0.382662 0.374847 0.063492 0.314530 0.911027
			   0.351648 0.386325 0.377045 0.063980 0.314286 0.915776
			    0.351648 0.380952 0.378999 0.063736 0.314530 0.914626
				 0.350672 0.382906 0.374847 0.063248 0.315507 0.914519
				  0.351893 0.383639 0.377045 0.063492 0.314530 0.911654
				   0.351648 0.383150 0.374847 0.062759 0.314042 0.913891
				    0.351648 0.381685 0.377045 0.063492 0.313797 0.913999
					 0.352625 0.384860 0.374847 0.063492 0.314530 0.916457
					  0.351648 0.383639 0.376313 0.063248 0.315507 0.916405
					   0.349451 0.380952 0.374847 0.063980 0.314530 0.916405
					    0.349695 0.383394 0.376557 0.063492 0.314530 0.913534
						 0.350672 0.382418 0.377045 0.063492 0.314530 0.912907
						  0.351648 0.384860 0.377045 0.063492 0.314530 0.913999
						   0.350672 0.382173 0.376313 0.063248 0.314774 0.915201
						    0.350427 0.386081 0.376557 0.064469 0.314286 0.912907
							 0.351648 0.382418 0.374847 0.063492 0.314530 0.915254
							  0.351648 0.383639 0.377045 0.063004 0.314530 0.914519
							   0.349939 0.382906 0.374847 0.063736 0.314530 0.909774
							    0.351648 0.383150 0.377045 0.063736 0.314530 0.914626
								 0.351648 0.382906 0.374847 0.063004 0.313553 0.916194
