 0.353846 0.384860 0.386813 0.063248 0.165079 0.913945
  0.354579 0.387057 0.386081 0.060806 0.164103 0.920904
   0.353358 0.383394 0.386569 0.063492 0.165079 0.917868
    0.357509 0.384127 0.386813 0.063492 0.165079 0.916667
	 0.355556 0.387057 0.388767 0.063004 0.164103 0.917293
	  0.355800 0.385104 0.386081 0.062759 0.165568 0.913262
	   0.355067 0.381441 0.386569 0.063492 0.165568 0.920176
	    0.353358 0.384860 0.386081 0.063492 0.164835 0.916457
		 0.355556 0.383639 0.384615 0.065446 0.165079 0.917920
		  0.354823 0.387057 0.386813 0.064469 0.164347 0.919021
		   0.354823 0.385348 0.386813 0.063736 0.164347 0.914321
		    0.355800 0.385348 0.387057 0.063492 0.163614 0.918393
			 0.353846 0.383150 0.387057 0.063736 0.166056 0.917293
			  0.354335 0.384860 0.386325 0.061050 0.163126 0.916040
			   0.355311 0.385836 0.386569 0.063492 0.166056 0.923659
			    0.355800 0.385104 0.386813 0.063492 0.165324 0.918546
				 0.356532 0.385836 0.385836 0.063736 0.165324 0.918970
				  0.353358 0.384860 0.389499 0.063248 0.164835 0.924386
				   0.354335 0.386569 0.388767 0.063492 0.166545 0.919173
				    0.354335 0.384860 0.386813 0.063248 0.165079 0.929648
					 0.355311 0.384860 0.386081 0.063004 0.165324 0.919547
					  0.357509 0.383150 0.385836 0.062027 0.165079 0.919173
					   0.354335 0.385592 0.386569 0.063248 0.164591 0.921865
					    0.355311 0.385592 0.388767 0.063492 0.165812 0.919071
						 0.353358 0.385348 0.385592 0.062515 0.164591 0.922306
						  0.355800 0.383150 0.386569 0.063248 0.166056 0.920804
						   0.353358 0.385104 0.388767 0.063736 0.165324 0.917868
						    0.355311 0.385836 0.384860 0.063004 0.166056 0.919547
							 0.353358 0.385348 0.386569 0.062515 0.164835 0.920176
							  0.358486 0.383639 0.386325 0.062759 0.164591 0.920804
							   0.356777 0.384127 0.386813 0.063004 0.165324 0.917293
							    0.356044 0.387546 0.384615 0.063004 0.165324 0.918393
								 0.353602 0.384127 0.386081 0.063004 0.165568 0.920176
