 0.353846 0.384860 0.382906 0.062515 0.069353 0.929604
  0.357509 0.384860 0.382173 0.063248 0.070330 0.930101
   0.353602 0.384860 0.381685 0.062271 0.070330 0.926507
    0.354090 0.384860 0.383150 0.062027 0.068620 0.925439
	 0.351648 0.385104 0.382662 0.061783 0.069597 0.928437
	  0.354823 0.383883 0.382662 0.062759 0.069353 0.927900
	   0.353602 0.384860 0.382906 0.063004 0.070574 0.929065
	    0.354335 0.382662 0.382662 0.061783 0.070330 0.928347
		 0.353358 0.385104 0.383150 0.061783 0.070574 0.927318
		  0.355311 0.384371 0.381441 0.062759 0.070818 0.929692
		   0.355067 0.384127 0.382173 0.062515 0.071306 0.929824
		    0.351648 0.382906 0.384860 0.063492 0.070085 0.929020
			 0.353358 0.386081 0.382418 0.061538 0.070330 0.931533
			  0.353358 0.386813 0.382173 0.062759 0.070330 0.930861
			   0.353358 0.383639 0.382906 0.062759 0.069353 0.932577
			    0.351404 0.383150 0.382662 0.063980 0.070085 0.929065
				 0.353602 0.384860 0.381929 0.063004 0.070818 0.932161
				  0.352381 0.383883 0.382906 0.063980 0.069353 0.930948
				   0.352381 0.384127 0.382418 0.062515 0.069841 0.928437
				    0.353602 0.382662 0.382662 0.062759 0.070330 0.931704
					 0.353846 0.387546 0.382662 0.063492 0.069597 0.936988
					  0.354335 0.381685 0.380708 0.063004 0.070330 0.936988
					   0.350427 0.384860 0.380708 0.062759 0.070330 0.934796
					    0.352869 0.384860 0.381929 0.064225 0.069841 0.933375
						 0.354579 0.387057 0.381685 0.064469 0.070574 0.935889
						  0.353846 0.383639 0.382662 0.062759 0.070818 0.936398
						   0.352381 0.382662 0.380708 0.063492 0.069841 0.932957
						    0.353602 0.382173 0.381929 0.062515 0.071306 0.935889
							 0.353602 0.384860 0.382662 0.063492 0.070330 0.942065
							  0.352381 0.382662 0.382662 0.062515 0.069353 0.934673
							   0.352137 0.383150 0.382173 0.063736 0.070330 0.933542
							    0.352869 0.383883 0.383150 0.064469 0.070574 0.941325
								 0.352381 0.386325 0.384860 0.063492 0.070574 0.934632
