 0.351648 0.382906 0.386813 0.063736 0.069841 0.911654
  0.350916 0.385592 0.384860 0.063736 0.068864 0.916300
   0.352625 0.382906 0.384860 0.063980 0.070574 0.915829
    0.351648 0.381685 0.383883 0.063004 0.069597 0.923659
	 0.351648 0.383883 0.384615 0.062759 0.069597 0.914519
	  0.351648 0.382173 0.384127 0.063004 0.069109 0.914519
	   0.349939 0.385348 0.384860 0.062027 0.069353 0.912226
	    0.351648 0.384860 0.385592 0.063492 0.069353 0.911654
		 0.351404 0.383883 0.384860 0.062515 0.069841 0.912688
		  0.351893 0.380220 0.385348 0.063492 0.068864 0.913999
		   0.351648 0.381441 0.383639 0.063004 0.069353 0.918936
		    0.351893 0.382662 0.385592 0.063736 0.069353 0.914733
			 0.351893 0.383150 0.385592 0.063004 0.070085 0.911654
			  0.349451 0.383883 0.385104 0.062515 0.069841 0.913480
			   0.352625 0.382173 0.384860 0.063004 0.069353 0.913945
			    0.352137 0.382906 0.384860 0.063736 0.069597 0.921334
				 0.348474 0.383150 0.386813 0.064957 0.069109 0.913945
				  0.351893 0.382906 0.385592 0.062515 0.069353 0.913945
				   0.350427 0.381929 0.384860 0.063736 0.069353 0.912336
				    0.350672 0.380952 0.384860 0.063248 0.069353 0.914626
					 0.353602 0.384860 0.384615 0.063492 0.069353 0.918766
					  0.351648 0.382418 0.386813 0.063492 0.069109 0.915617
					   0.351648 0.381685 0.384127 0.062515 0.070330 0.910513
					    0.351648 0.382906 0.385104 0.063248 0.069353 0.912907
						 0.350916 0.381685 0.385104 0.064225 0.069841 0.910063
						  0.350427 0.382662 0.384371 0.062515 0.068132 0.910168
						   0.351648 0.382173 0.384860 0.063736 0.069841 0.915882
						    0.351648 0.382906 0.387790 0.063248 0.070330 0.919975
							 0.351648 0.383150 0.385836 0.064469 0.069597 0.919773
							  0.351648 0.380952 0.384615 0.063492 0.068376 0.917981
							   0.351893 0.381685 0.385104 0.063736 0.070085 0.915307
							    0.350183 0.382662 0.384127 0.063492 0.069597 0.916247
								 0.350427 0.382662 0.384615 0.064713 0.070818 0.918187
