 0.349695 0.384860 0.382906 0.077656 0.070085 0.922690
  0.348962 0.378755 0.384371 0.078877 0.070818 0.920126
   0.349695 0.378755 0.382418 0.078144 0.071062 0.920126
    0.348962 0.382173 0.382418 0.079121 0.070330 0.923028
	 0.349695 0.384371 0.382418 0.078632 0.070818 0.920904
	  0.349939 0.381929 0.382906 0.078632 0.070574 0.920276
	   0.349451 0.382173 0.382418 0.078144 0.070818 0.918393
	    0.348474 0.378755 0.382662 0.077167 0.071795 0.919547
		 0.346520 0.379976 0.382662 0.078877 0.070330 0.921679
		  0.349451 0.378755 0.382906 0.079121 0.071306 0.919547
		   0.353602 0.381441 0.382906 0.078632 0.070818 0.919598
		    0.351160 0.380952 0.381929 0.077167 0.071306 0.920755
			 0.350672 0.382662 0.384860 0.078877 0.070330 0.919547
			  0.350427 0.382662 0.382173 0.078632 0.069597 0.912005
			   0.351648 0.381929 0.384127 0.077656 0.070330 0.920804
			    0.349695 0.382418 0.383639 0.078388 0.070085 0.919598
				 0.351648 0.385592 0.384127 0.079121 0.069841 0.919547
				  0.351893 0.382662 0.383883 0.079121 0.069841 0.919598
				   0.351648 0.381929 0.383150 0.077656 0.071306 0.922062
				    0.351648 0.382173 0.383639 0.078144 0.070818 0.918393
					 0.350427 0.382418 0.384860 0.078877 0.070574 0.917293
					  0.348474 0.382173 0.384860 0.078144 0.071795 0.920854
					   0.351648 0.380952 0.384860 0.078388 0.070330 0.919021
					    0.354335 0.381441 0.384860 0.078877 0.070818 0.913945
						 0.351648 0.385348 0.384860 0.078144 0.069353 0.921384
						  0.351893 0.378755 0.384860 0.078144 0.070818 0.919598
						   0.351648 0.382662 0.383394 0.079121 0.070818 0.923947
						    0.350672 0.384127 0.384371 0.078632 0.071062 0.918393
							 0.350427 0.381685 0.384860 0.078632 0.071306 0.917920
							  0.352625 0.382662 0.383639 0.078144 0.071062 0.917293
							   0.349451 0.381441 0.382662 0.078632 0.071306 0.919173
							    0.350672 0.380952 0.381197 0.077900 0.072039 0.919648
								 0.350427 0.381929 0.383394 0.078388 0.070574 0.911654
