 0.352625 0.386081 0.383639 0.201709 0.071306 0.923319
  0.353358 0.383883 0.383639 0.200977 0.071306 0.925646
   0.353358 0.382662 0.384615 0.202198 0.070574 0.922159
    0.354335 0.382906 0.384615 0.202198 0.071062 0.923415
	 0.354090 0.381197 0.383639 0.201221 0.072039 0.924576
	  0.354579 0.383883 0.384860 0.201465 0.071062 0.921053
	   0.353602 0.384371 0.383639 0.201465 0.072772 0.924576
	    0.355311 0.385104 0.383639 0.201709 0.071306 0.920426
		 0.353602 0.383150 0.384615 0.201954 0.070818 0.926906
		  0.353358 0.383639 0.384860 0.201709 0.071062 0.922159
		   0.353602 0.382173 0.384860 0.202198 0.071062 0.923415
		    0.353602 0.384127 0.382662 0.202442 0.071062 0.921482
			 0.353602 0.386325 0.383639 0.202198 0.071306 0.922159
			  0.354335 0.383394 0.383150 0.202442 0.071795 0.918393
			   0.353358 0.382173 0.385104 0.201954 0.072283 0.923995
			    0.354579 0.384860 0.384860 0.201221 0.070818 0.926322
				 0.352869 0.384860 0.384860 0.202686 0.070818 0.920426
				  0.354579 0.382418 0.384860 0.201954 0.070574 0.924386
				   0.355311 0.383639 0.384860 0.201465 0.071795 0.928616
				    0.351648 0.382662 0.384860 0.202442 0.070574 0.918290
					 0.354335 0.382173 0.384371 0.201465 0.071551 0.920426
					  0.354090 0.382662 0.384860 0.200977 0.071795 0.920426
					   0.353602 0.382662 0.385104 0.201954 0.070818 0.921630
					    0.355556 0.386325 0.384860 0.202442 0.071062 0.916667
						 0.354090 0.384860 0.383150 0.202442 0.071306 0.920904
						  0.354335 0.382418 0.384615 0.201709 0.071306 0.923995
						   0.353358 0.383883 0.383639 0.202442 0.071306 0.923028
						    0.353358 0.381197 0.385836 0.202442 0.071306 0.921679
							 0.352137 0.382173 0.384860 0.202930 0.071795 0.922062
							  0.353358 0.383150 0.384127 0.202930 0.072283 0.922159
							   0.354335 0.383150 0.384860 0.201709 0.070818 0.922159
							    0.354335 0.381685 0.383883 0.202442 0.071551 0.920904
								 0.354579 0.381685 0.384127 0.202442 0.071062 0.923028

