 0.337241 0.067643 0.066178 0.330403 0.412454 0.917293
  0.337973 0.067155 0.064957 0.330159 0.412210 0.914787
   0.337973 0.068376 0.066178 0.330647 0.411966 0.917662
    0.337973 0.070818 0.065690 0.330403 0.411722 0.917293
	 0.337485 0.066178 0.065201 0.330159 0.413187 0.919021
	  0.337729 0.067643 0.065446 0.331136 0.411233 0.916457
	   0.337729 0.066911 0.065934 0.330891 0.412210 0.920426
	    0.336264 0.067888 0.066422 0.330647 0.412210 0.922495
		 0.337729 0.066911 0.065690 0.330159 0.412210 0.920605
		  0.337485 0.067643 0.065934 0.330403 0.412210 0.918444
		   0.338706 0.067399 0.065201 0.330647 0.411966 0.922495
		    0.336996 0.067155 0.064957 0.330159 0.410012 0.917293
			 0.334799 0.069109 0.065934 0.329915 0.410989 0.915776
			  0.337973 0.068376 0.066178 0.331136 0.412210 0.916562
			   0.337241 0.064957 0.064957 0.330891 0.412210 0.914733
			    0.337973 0.064713 0.064225 0.329915 0.411477 0.919021
				 0.336752 0.070574 0.064957 0.330403 0.411233 0.920505
				  0.336020 0.068620 0.066178 0.330891 0.413675 0.915882
				   0.336996 0.067399 0.065446 0.329915 0.412210 0.917920
				    0.337729 0.067155 0.064713 0.330159 0.412210 0.916824
					 0.337729 0.069597 0.065934 0.329915 0.412210 0.917033
					  0.336752 0.068376 0.065201 0.329915 0.412210 0.920176
					   0.337729 0.070330 0.064225 0.330159 0.411722 0.919021
					    0.336752 0.067399 0.066422 0.330403 0.412210 0.913371
						 0.337485 0.066911 0.065446 0.330159 0.412210 0.912907
						  0.336752 0.067399 0.065446 0.330159 0.412454 0.911875
						   0.339683 0.068376 0.065690 0.330647 0.410012 0.921334
						    0.336752 0.069353 0.066667 0.330891 0.410012 0.919547
							 0.336752 0.066667 0.065690 0.330403 0.412210 0.921865
							  0.337973 0.067888 0.065446 0.329670 0.413187 0.916040
							   0.337973 0.068620 0.066422 0.330891 0.412210 0.920176
							    0.336996 0.067399 0.065690 0.330159 0.412210 0.913891
								 0.338950 0.067888 0.065934 0.331868 0.412210 0.918444
