 0.345543 0.141148 0.066422 0.339194 0.413431 0.907268
  0.345543 0.140904 0.065201 0.339438 0.412454 0.905388
   0.347741 0.140659 0.066422 0.338706 0.413187 0.906015
    0.346520 0.141636 0.066422 0.339194 0.411966 0.917981
	 0.346276 0.141148 0.065934 0.337973 0.412210 0.905838
	  0.348474 0.144567 0.066667 0.339927 0.412210 0.904135
	   0.347741 0.141880 0.068376 0.338706 0.411966 0.902882
	    0.345543 0.142369 0.065934 0.338217 0.412943 0.908977
		 0.346520 0.139927 0.065690 0.337729 0.412454 0.905210
		  0.346520 0.141148 0.063980 0.337973 0.411966 0.906742
		   0.346520 0.139438 0.066422 0.337973 0.413187 0.908234
		    0.342613 0.142613 0.066178 0.338706 0.413187 0.907837
			 0.345788 0.143590 0.065690 0.338950 0.413431 0.907093
			  0.347253 0.144811 0.066422 0.340904 0.411966 0.906977
			   0.345788 0.144811 0.066422 0.338706 0.411966 0.907547
			    0.345543 0.143590 0.066911 0.337729 0.410012 0.906977
				 0.345543 0.141636 0.066667 0.339194 0.412943 0.907663
				  0.346032 0.141392 0.066422 0.337973 0.412943 0.907663
				   0.343590 0.142613 0.066667 0.338950 0.411966 0.908977
				    0.346032 0.143346 0.066422 0.338217 0.413431 0.903690
					 0.345543 0.141880 0.066667 0.338950 0.412943 0.908977
					  0.346520 0.141880 0.066178 0.337973 0.412943 0.907663
					   0.345788 0.141392 0.066911 0.338950 0.411966 0.907837
					    0.345543 0.139194 0.065446 0.338706 0.412943 0.907268
						 0.347497 0.142613 0.066422 0.338950 0.413431 0.910410
						  0.347253 0.140659 0.065201 0.338217 0.412698 0.912413
						   0.344567 0.141880 0.066911 0.337729 0.411966 0.905270
						    0.346764 0.141148 0.065690 0.337729 0.412698 0.908690
							 0.345543 0.144811 0.066667 0.338950 0.413187 0.907837
							  0.345788 0.144567 0.065690 0.337973 0.412210 0.906015
							   0.347741 0.142613 0.066178 0.339438 0.413919 0.907837
							    0.345788 0.141392 0.066667 0.339683 0.413187 0.914141
								 0.347009 0.144078 0.065934 0.337973 0.413431 0.905838
