 0.349695 0.284493 0.066178 0.343346 0.412210 0.914519
  0.351893 0.285226 0.066422 0.343834 0.412210 0.909491
   0.351648 0.285226 0.065690 0.343834 0.410501 0.906074
    0.351893 0.287179 0.067643 0.343590 0.411477 0.920176
	 0.353602 0.284982 0.065934 0.343590 0.411233 0.911783
	  0.351648 0.283516 0.066178 0.343834 0.412210 0.914519
	   0.352625 0.284982 0.066422 0.343101 0.410012 0.914573
	    0.352869 0.285714 0.067399 0.345788 0.410501 0.914787
		 0.351648 0.285958 0.067399 0.343590 0.411477 0.919021
		  0.352381 0.285226 0.066178 0.343590 0.412210 0.923659
		   0.352381 0.284982 0.065446 0.344078 0.412210 0.914733
		    0.351648 0.284737 0.066178 0.344078 0.410501 0.913534
			 0.351893 0.286691 0.066422 0.344567 0.412210 0.921914
			  0.351648 0.285226 0.066178 0.344078 0.413187 0.915882
			   0.351648 0.284982 0.066911 0.343590 0.410989 0.913945
			    0.355800 0.285226 0.067155 0.344322 0.410989 0.915148
				 0.352381 0.286203 0.066667 0.343834 0.410256 0.917293
				  0.351404 0.284005 0.065934 0.343590 0.412210 0.907210
				   0.352137 0.285470 0.066911 0.343590 0.412210 0.914160
				    0.352625 0.284982 0.067399 0.343590 0.412210 0.920505
					 0.353846 0.284737 0.066422 0.343590 0.411477 0.912281
					  0.353358 0.284982 0.066178 0.345055 0.412210 0.918136
					   0.352137 0.284982 0.066911 0.344078 0.411233 0.915201
					    0.352137 0.285226 0.067155 0.344567 0.411477 0.915882
						 0.352381 0.284982 0.066667 0.344322 0.412210 0.920176
						  0.352381 0.286447 0.065934 0.343590 0.411477 0.911488
						   0.351648 0.284982 0.066178 0.343834 0.410501 0.919243
						    0.351648 0.284737 0.067399 0.344567 0.411477 0.914160
							 0.351893 0.284982 0.067399 0.345788 0.412210 0.920176
							  0.351893 0.284982 0.066422 0.345788 0.412210 0.911488
							   0.352625 0.284982 0.066422 0.343834 0.412210 0.915776
							    0.352381 0.285226 0.067155 0.343590 0.411233 0.917293
								 0.353602 0.283761 0.066911 0.343590 0.411233 0.914160
