 0.349695 0.307692 0.067155 0.340415 0.408059 0.907210
  0.350672 0.306716 0.066422 0.341880 0.409280 0.912115
   0.348474 0.307448 0.066667 0.338706 0.408303 0.910289
    0.349451 0.307692 0.066667 0.341880 0.408059 0.910748
	 0.349451 0.307204 0.066422 0.339927 0.408791 0.910748
	  0.347985 0.308669 0.067888 0.340904 0.408791 0.909148
	   0.349695 0.310623 0.066667 0.342857 0.409280 0.913999
	    0.349939 0.310867 0.067155 0.341880 0.409280 0.911654
		 0.351648 0.306960 0.067399 0.341148 0.409035 0.909718
		  0.348962 0.307692 0.066667 0.341392 0.409768 0.910860
		   0.349695 0.305983 0.065934 0.340415 0.408303 0.912468
		    0.349939 0.308181 0.066911 0.341880 0.406105 0.912688
			 0.350183 0.309158 0.067399 0.342369 0.409524 0.911209
			  0.347497 0.307937 0.067155 0.341880 0.409035 0.912115
			   0.349695 0.307204 0.066422 0.340415 0.408303 0.912524
			    0.349451 0.306960 0.067643 0.340415 0.410012 0.911783
				 0.348962 0.307937 0.067399 0.341880 0.408059 0.909774
				  0.349451 0.309646 0.067399 0.341148 0.406105 0.912743
				   0.349451 0.307448 0.066422 0.340415 0.410256 0.909893
				    0.351893 0.307448 0.066911 0.340171 0.406105 0.911209
					 0.349451 0.308181 0.066667 0.341636 0.408547 0.913043
					  0.350672 0.308669 0.067643 0.342857 0.410256 0.922495
					   0.347497 0.307204 0.065934 0.340904 0.407082 0.906642
					    0.349451 0.308181 0.067643 0.341880 0.408791 0.910401
						 0.349451 0.308425 0.067643 0.341392 0.408059 0.910860
						  0.349695 0.309646 0.066911 0.340904 0.409768 0.907210
						   0.350672 0.308425 0.067155 0.342125 0.408059 0.910289
						    0.350183 0.310623 0.067155 0.341880 0.409524 0.912743
							 0.346764 0.307448 0.067155 0.340904 0.408059 0.906642
							  0.349695 0.307937 0.066422 0.339683 0.408791 0.912633
							   0.349451 0.307937 0.066667 0.340904 0.406105 0.907268
							    0.350427 0.308913 0.066911 0.343101 0.411477 0.909774
								 0.350183 0.307937 0.066422 0.340659 0.406105 0.909604
