 0.356044 0.333333 0.067643 0.329915 0.410501 0.928392
  0.353358 0.332845 0.067399 0.330647 0.408059 0.930276
   0.355556 0.333333 0.066911 0.329915 0.410256 0.927900
    0.355800 0.332357 0.067399 0.329915 0.412210 0.934550
	 0.355311 0.331868 0.067399 0.331624 0.408059 0.931990
	  0.353358 0.336752 0.067643 0.330403 0.410256 0.928616
	   0.354823 0.332845 0.066667 0.330403 0.410256 0.922257
	    0.355800 0.336020 0.067155 0.330159 0.411233 0.930276
		 0.354090 0.333089 0.067155 0.330159 0.409768 0.926692
		  0.355800 0.331380 0.069597 0.330159 0.410012 0.929692
		   0.353602 0.335775 0.066667 0.330891 0.410256 0.926692
		    0.355800 0.332601 0.066911 0.329915 0.412210 0.933754
			 0.352381 0.331868 0.066667 0.331136 0.410501 0.930861
			  0.355556 0.336020 0.066911 0.332112 0.410012 0.928437
			   0.353358 0.333333 0.066911 0.330159 0.410256 0.931576
			    0.353358 0.331868 0.067155 0.330159 0.406105 0.931446
				 0.356288 0.333333 0.067399 0.333089 0.408059 0.931947
				  0.357753 0.333578 0.066911 0.332112 0.410256 0.929692
				   0.355311 0.331868 0.067399 0.331136 0.410745 0.925094
				    0.354335 0.332112 0.066911 0.330891 0.410989 0.930861
					 0.354335 0.332845 0.066911 0.331136 0.410745 0.929648
					  0.353602 0.331136 0.066911 0.330159 0.408059 0.928437
					   0.354579 0.332845 0.066422 0.329915 0.412210 0.930861
					    0.350427 0.333333 0.067643 0.332112 0.412210 0.927318
						 0.356532 0.332357 0.067399 0.331136 0.410745 0.930320
						  0.354335 0.332112 0.067643 0.331380 0.410501 0.929604
						   0.353358 0.333333 0.067399 0.331380 0.410989 0.931947
						    0.355311 0.336020 0.066422 0.330159 0.409524 0.930818
							 0.354579 0.331868 0.066422 0.332112 0.410256 0.927318
							  0.355800 0.335043 0.067643 0.332112 0.410012 0.926692
							   0.355800 0.335043 0.067399 0.330647 0.409524 0.934934
							    0.354335 0.332845 0.066667 0.330159 0.410256 0.927318
								 0.355556 0.335043 0.067643 0.331380 0.408059 0.928437
