 0.350672 0.360684 0.070574 0.221490 0.400488 0.904762
  0.351648 0.359463 0.069597 0.221245 0.398291 0.905091
   0.351648 0.359219 0.070574 0.222222 0.396337 0.903955
    0.351648 0.359219 0.070574 0.221001 0.398779 0.905720
	 0.351648 0.358486 0.070085 0.220757 0.399267 0.902882
	  0.351648 0.361416 0.070818 0.220513 0.396337 0.904523
	   0.349939 0.359707 0.069597 0.220757 0.398535 0.904523
	    0.348962 0.359951 0.070330 0.221245 0.399267 0.908633
		 0.350916 0.359463 0.069841 0.221734 0.398535 0.903955
		  0.351648 0.361416 0.069597 0.221245 0.398535 0.900376
		   0.351648 0.360195 0.070818 0.222711 0.400488 0.904463
		    0.350427 0.360195 0.070818 0.221245 0.399267 0.901948
			 0.350672 0.360684 0.070085 0.221734 0.400000 0.909604
			  0.351893 0.360684 0.070574 0.220513 0.400488 0.905720
			   0.351648 0.360684 0.070818 0.220513 0.399756 0.906977
			    0.351648 0.360195 0.070330 0.221245 0.399023 0.905210
				 0.350427 0.359219 0.069597 0.218559 0.398291 0.909148
				  0.351648 0.358974 0.070574 0.220513 0.400488 0.902256
				   0.350916 0.363126 0.069841 0.220513 0.399023 0.903955
				    0.351648 0.360195 0.070818 0.220513 0.400488 0.903955
					 0.351648 0.359707 0.069841 0.220513 0.398779 0.905720
					  0.351893 0.359951 0.068864 0.220513 0.398535 0.904523
					   0.351648 0.360195 0.070330 0.221245 0.400488 0.909548
					    0.350916 0.357753 0.068620 0.221490 0.399267 0.905210
						 0.351893 0.359707 0.069841 0.220513 0.398779 0.902256
						  0.350916 0.359951 0.069353 0.220513 0.398046 0.902882
						   0.349939 0.360928 0.070085 0.221490 0.400488 0.910297
						    0.351648 0.359951 0.071062 0.220513 0.400488 0.903448
							 0.351648 0.357753 0.069841 0.221734 0.400488 0.904523
							  0.351648 0.360195 0.069597 0.220757 0.399512 0.902256
							   0.349451 0.360684 0.069841 0.220757 0.400488 0.903955
							    0.351648 0.360195 0.070818 0.220757 0.400488 0.903955
								 0.352625 0.360684 0.070330 0.221490 0.398779 0.906801
