 0.351648 0.365324 0.076435 0.096703 0.393651 0.896920
  0.351648 0.363126 0.076923 0.096703 0.392918 0.895100
   0.351404 0.367033 0.076923 0.097924 0.392430 0.893283
    0.351648 0.367277 0.076190 0.096459 0.392674 0.895232
	 0.351648 0.363126 0.076190 0.096459 0.394628 0.894472
	  0.349695 0.363614 0.076923 0.098169 0.393651 0.899497
	   0.351893 0.363126 0.076679 0.097680 0.393651 0.897806
	    0.351648 0.364591 0.076190 0.097192 0.392918 0.901506
		 0.349939 0.362882 0.076190 0.096459 0.392430 0.893844
		  0.350427 0.365812 0.076923 0.097192 0.392430 0.895663
		   0.350916 0.363126 0.076435 0.096215 0.393162 0.900063
		    0.351160 0.365812 0.076923 0.096948 0.393895 0.896660
			 0.351648 0.363126 0.076923 0.097680 0.393407 0.898933
			  0.349451 0.364347 0.075458 0.096703 0.392918 0.894539
			   0.352625 0.365568 0.076923 0.096948 0.393407 0.896357
			    0.351648 0.364591 0.076435 0.097924 0.393407 0.893844
				 0.350672 0.363126 0.075702 0.096215 0.394628 0.894006
				  0.351648 0.365812 0.076190 0.096459 0.392430 0.898177
				   0.351648 0.363126 0.076435 0.096215 0.392430 0.894406
				    0.349451 0.366056 0.077411 0.097192 0.393407 0.894110
					 0.351648 0.366056 0.076190 0.097680 0.394628 0.894406
					  0.351893 0.365324 0.077167 0.097436 0.392918 0.896357
					   0.351648 0.368010 0.076923 0.098169 0.393895 0.896422
					    0.351893 0.365324 0.076679 0.097192 0.392674 0.897243
						 0.351893 0.366056 0.077167 0.097680 0.393651 0.891332
						  0.351648 0.364103 0.076190 0.096948 0.392674 0.895663
						   0.351648 0.365324 0.076923 0.096459 0.394139 0.894110
						    0.349451 0.365812 0.076679 0.097680 0.393651 0.895663
							 0.350672 0.364103 0.076190 0.097680 0.393407 0.902331
							  0.350427 0.367766 0.075214 0.096215 0.392674 0.899497
							   0.351648 0.364103 0.075946 0.096948 0.394628 0.895100
							    0.349206 0.364103 0.076190 0.096703 0.393407 0.896357
								 0.349451 0.363370 0.076190 0.096459 0.393162 0.892857
