 0.350916 0.374359 0.111844 0.072527 0.378022 0.893844
  0.351648 0.370696 0.111844 0.072527 0.374847 0.888889
   0.349451 0.372650 0.111844 0.072283 0.374847 0.892857
    0.348474 0.374603 0.111600 0.071306 0.374847 0.889655
	 0.349451 0.371917 0.111844 0.072772 0.378022 0.895597
	  0.349451 0.374847 0.111355 0.071795 0.374847 0.892163
	   0.354090 0.371673 0.112088 0.072283 0.374847 0.894539
	    0.350427 0.372405 0.112332 0.072039 0.378022 0.893417
		 0.348962 0.373138 0.111844 0.072772 0.376801 0.890000
		  0.350427 0.373626 0.111355 0.071062 0.374847 0.892231
		   0.351648 0.372161 0.111355 0.074481 0.374847 0.893844
		    0.350183 0.374847 0.111111 0.071062 0.374847 0.892095
			 0.350916 0.373138 0.112088 0.072283 0.377045 0.897243
			  0.350427 0.371673 0.112332 0.072039 0.374847 0.893283
			   0.349695 0.369719 0.111111 0.073260 0.377045 0.894671
			    0.351160 0.374847 0.111844 0.072283 0.376801 0.893844
				 0.351648 0.370940 0.111844 0.072527 0.377045 0.894539
				  0.349451 0.370940 0.113309 0.071062 0.374847 0.893484
				   0.349451 0.371673 0.112088 0.071551 0.374847 0.894539
				    0.351648 0.371917 0.112576 0.072283 0.377045 0.898933
					 0.351648 0.371917 0.111355 0.071551 0.374847 0.894406
					  0.347497 0.373138 0.112332 0.072283 0.377045 0.894539
					   0.350916 0.374115 0.112088 0.072283 0.378999 0.901948
					    0.354090 0.374115 0.112332 0.070574 0.377534 0.894671
						 0.349206 0.374359 0.110867 0.071795 0.372894 0.892655
						  0.353602 0.373138 0.111844 0.072039 0.376801 0.902470
						   0.349451 0.371184 0.112088 0.072527 0.377045 0.898551
						    0.350672 0.373138 0.111355 0.071306 0.374847 0.897243
							 0.350427 0.374847 0.112332 0.073016 0.378999 0.893417
							  0.353602 0.374115 0.112332 0.072039 0.376557 0.897985
							   0.350672 0.374847 0.111844 0.071306 0.377045 0.892231
							    0.350916 0.370940 0.112088 0.072039 0.376801 0.899497
								 0.351648 0.374847 0.111844 0.072283 0.377045 0.896292
