 0.355311 0.378755 0.377045 0.063492 0.322344 0.933459
  0.354335 0.381685 0.377289 0.063004 0.322100 0.935768
   0.353358 0.381929 0.374847 0.063248 0.322100 0.934087
    0.353358 0.382906 0.377289 0.063736 0.322100 0.931619
	 0.355556 0.385104 0.377045 0.063004 0.323077 0.932831
	  0.356532 0.379243 0.377289 0.063492 0.322100 0.938170
	   0.355311 0.379976 0.377778 0.063004 0.322100 0.932789
	    0.353358 0.382906 0.377045 0.063004 0.323565 0.931704
		 0.354823 0.380952 0.378999 0.063248 0.322589 0.934004
		  0.356044 0.382662 0.377534 0.064469 0.324054 0.933459
		   0.355067 0.380952 0.377045 0.064469 0.322100 0.935261
		    0.355556 0.382906 0.374847 0.063736 0.322589 0.933375
			 0.352381 0.378755 0.378266 0.064469 0.322100 0.931533
			  0.354579 0.379487 0.377045 0.063004 0.323077 0.933459
			   0.355556 0.380952 0.377045 0.063004 0.322344 0.934467
			    0.353358 0.381685 0.374847 0.062759 0.322344 0.934045
				 0.354579 0.383883 0.376801 0.063736 0.323077 0.926692
				  0.353358 0.381197 0.374847 0.065201 0.323077 0.932288
				   0.355311 0.378999 0.377289 0.063736 0.322100 0.934632
				    0.354823 0.381685 0.378022 0.063980 0.322833 0.932831
					 0.355311 0.382662 0.377289 0.064713 0.323810 0.929692
					  0.353358 0.381685 0.378999 0.063736 0.322100 0.935261
					   0.355311 0.382173 0.377289 0.062759 0.322100 0.945317
					    0.353602 0.381929 0.378022 0.064225 0.322589 0.931576
						 0.355311 0.378755 0.377778 0.063736 0.322589 0.936908
						  0.355311 0.379731 0.377778 0.063004 0.323321 0.932118
						   0.354335 0.379976 0.379243 0.062515 0.322833 0.930232
						    0.354090 0.378755 0.377778 0.064713 0.322589 0.947435
							 0.355067 0.380952 0.377045 0.064225 0.323810 0.933459
							  0.355800 0.382906 0.377045 0.063736 0.322833 0.934087
							   0.354335 0.381929 0.377778 0.063980 0.322100 0.934045
							    0.353602 0.380952 0.376801 0.063980 0.322344 0.929604
								 0.355556 0.378755 0.377045 0.063980 0.322100 0.934632
