 0.357021 0.386569 0.380952 0.062515 0.294017 0.917033
  0.356288 0.383150 0.380952 0.064469 0.293285 0.914573
   0.357753 0.382662 0.380220 0.063492 0.294017 0.916457
    0.356288 0.381441 0.380952 0.064469 0.294994 0.917662
	 0.357509 0.386325 0.379243 0.062515 0.290843 0.913999
	  0.356777 0.383150 0.380708 0.062759 0.292552 0.915776
	   0.356288 0.385836 0.381197 0.062027 0.292308 0.910232
	    0.357509 0.381929 0.380952 0.064469 0.293773 0.913534
		 0.357509 0.383883 0.380708 0.063492 0.292308 0.914626
		  0.357509 0.382173 0.382662 0.063004 0.293040 0.919874
		   0.353846 0.383883 0.381441 0.063492 0.293040 0.916405
		    0.354823 0.385348 0.381685 0.062515 0.294017 0.924576
			 0.356288 0.384860 0.380708 0.063248 0.292552 0.913999
			  0.357509 0.382906 0.381197 0.062759 0.292308 0.912005
			   0.357753 0.383150 0.381197 0.063492 0.292308 0.912005
			    0.355556 0.385104 0.381685 0.063004 0.293773 0.915254
				 0.356044 0.385836 0.382173 0.062759 0.290843 0.915882
				  0.356288 0.383639 0.380464 0.062515 0.292308 0.914160
				   0.356288 0.382906 0.381197 0.063980 0.292308 0.917714
				    0.355311 0.382662 0.380952 0.063736 0.294994 0.920176
					 0.355800 0.383639 0.381441 0.063248 0.290843 0.912281
					  0.356288 0.382418 0.381685 0.064469 0.293529 0.919021
					   0.357021 0.383639 0.380952 0.063980 0.293529 0.921136
					    0.355800 0.383150 0.380952 0.063736 0.292796 0.915254
						 0.355311 0.385104 0.380952 0.062515 0.294017 0.912281
						  0.356044 0.382173 0.380952 0.063004 0.293285 0.921914
						   0.356532 0.386081 0.378755 0.062515 0.291087 0.918084
						    0.356288 0.382662 0.380708 0.064469 0.293285 0.919598
							 0.355311 0.383150 0.380708 0.062759 0.292308 0.912907
							  0.356288 0.383150 0.378755 0.062515 0.294017 0.910401
							   0.356044 0.380952 0.384371 0.063248 0.293040 0.918187
							    0.355800 0.382173 0.380708 0.063736 0.293040 0.914840
								 0.356044 0.383639 0.381441 0.063492 0.293285 0.914160
