 0.357998 0.386081 0.384860 0.063736 0.245177 0.921679
  0.357265 0.387302 0.385104 0.063736 0.243956 0.926322
   0.357265 0.387790 0.384860 0.061783 0.243956 0.916667
    0.355800 0.386081 0.384860 0.063980 0.245177 0.920426
	 0.358486 0.387057 0.383639 0.063248 0.243956 0.923319
	  0.357753 0.386569 0.385104 0.063492 0.245910 0.923415
	   0.357509 0.387302 0.385592 0.061783 0.244689 0.922159
	    0.357509 0.387057 0.384860 0.062271 0.244200 0.921679
		 0.358486 0.385592 0.384371 0.063004 0.246154 0.924576
		  0.357265 0.385836 0.384860 0.064713 0.245177 0.924576
		   0.357265 0.385592 0.385104 0.063492 0.243956 0.920426
		    0.357753 0.385592 0.384615 0.063004 0.244933 0.921679
			 0.358242 0.388767 0.385104 0.062515 0.243956 0.923947
			  0.360440 0.388767 0.386813 0.063736 0.245177 0.923947
			   0.356288 0.386569 0.386813 0.062759 0.244933 0.926906
			    0.357509 0.384860 0.384860 0.064225 0.245177 0.921679
				 0.358242 0.385104 0.386813 0.063492 0.246154 0.926369
				  0.358486 0.385348 0.385104 0.064469 0.244933 0.923995
				   0.357753 0.386813 0.384860 0.063004 0.245421 0.921679
				    0.357265 0.386813 0.384615 0.063248 0.244444 0.923995
					 0.358486 0.384127 0.385104 0.063492 0.245177 0.929338
					  0.357509 0.385592 0.384127 0.064713 0.243956 0.923415
					   0.357265 0.386081 0.383639 0.062271 0.244689 0.926906
					    0.357265 0.385348 0.384860 0.065201 0.247131 0.923415
						 0.354823 0.386569 0.385836 0.063248 0.243956 0.921679
						  0.357265 0.384860 0.385104 0.063004 0.245177 0.926322
						   0.357753 0.386569 0.384860 0.063004 0.244200 0.925063
						    0.356777 0.385104 0.384860 0.063004 0.244933 0.921482
							 0.360928 0.386081 0.384615 0.063248 0.246154 0.926322
							  0.357509 0.390720 0.384860 0.063004 0.244200 0.923415
							   0.358486 0.388767 0.385104 0.063248 0.244933 0.920426
							    0.357265 0.386813 0.384860 0.063736 0.243956 0.923415
								 0.355311 0.386325 0.384615 0.062759 0.245421 0.924576
