 0.354090 0.384860 0.386569 0.063004 0.083761 0.927945
  0.351404 0.384860 0.386569 0.063004 0.082784 0.931990
   0.353602 0.384860 0.388278 0.063248 0.082540 0.928482
    0.353846 0.385592 0.389011 0.062515 0.083028 0.929198
	 0.352869 0.385104 0.388767 0.062027 0.082784 0.932118
	  0.353602 0.384860 0.387546 0.063004 0.082051 0.936278
	   0.353846 0.386081 0.388034 0.063248 0.082051 0.931990
	    0.353358 0.383639 0.389011 0.062271 0.081563 0.934467
		 0.354090 0.388767 0.387790 0.063004 0.082295 0.929020
		  0.353602 0.385592 0.388767 0.063492 0.082295 0.927318
		   0.355311 0.384860 0.388767 0.063004 0.082540 0.930861
		    0.353846 0.385836 0.386813 0.062515 0.082784 0.930904
			 0.354335 0.385836 0.387546 0.063004 0.082051 0.927809
			  0.354335 0.388767 0.389255 0.062515 0.083516 0.932331
			   0.353358 0.385836 0.387302 0.062515 0.083028 0.933417
			    0.353846 0.385592 0.386813 0.063492 0.083028 0.928527
				 0.353602 0.384860 0.387302 0.063736 0.082784 0.929020
				  0.354335 0.386325 0.386569 0.062759 0.082540 0.933921
				   0.354335 0.385592 0.388767 0.062515 0.083272 0.932331
				    0.353846 0.386569 0.388767 0.062515 0.082295 0.927945
					 0.354579 0.385348 0.387546 0.063492 0.082540 0.934467
					  0.353602 0.384860 0.388767 0.062759 0.082295 0.930948
					   0.354335 0.383639 0.387057 0.063492 0.082051 0.931490
					    0.353602 0.383639 0.387546 0.062027 0.083028 0.929604
						 0.353358 0.386813 0.388034 0.063980 0.083761 0.932118
						  0.354090 0.387057 0.387546 0.062515 0.082051 0.930232
						   0.353358 0.387546 0.388034 0.063004 0.082540 0.930189
						    0.353114 0.384860 0.387790 0.063736 0.082784 0.937618
							 0.353846 0.387302 0.384615 0.063248 0.082540 0.930904
							  0.353602 0.385836 0.387546 0.063248 0.082540 0.931490
							   0.353358 0.385592 0.387790 0.063248 0.082295 0.930232
							    0.353602 0.382418 0.387546 0.063492 0.083028 0.936558
								 0.356288 0.385348 0.388767 0.063492 0.083028 0.934467
