 0.353602 0.379487 0.383639 0.063492 0.074725 0.923947
  0.352381 0.378755 0.384860 0.063004 0.075214 0.921482
   0.351893 0.378755 0.384860 0.063004 0.075214 0.921532
    0.349939 0.377289 0.383639 0.063492 0.075214 0.926692
	 0.349695 0.378510 0.382662 0.062759 0.075702 0.926065
	  0.349695 0.378266 0.382662 0.063736 0.074725 0.925439
	   0.348718 0.379731 0.382906 0.063492 0.074481 0.929648
	    0.349695 0.381441 0.382906 0.062759 0.074725 0.929648
		 0.349939 0.378755 0.382662 0.063004 0.073993 0.926646
		  0.349451 0.380220 0.383150 0.062759 0.074237 0.930276
		   0.349939 0.383150 0.384860 0.062515 0.074481 0.925926
		    0.346520 0.378022 0.384860 0.063004 0.074481 0.924576
			 0.349695 0.379731 0.382662 0.062271 0.074481 0.933038
			  0.348474 0.379976 0.384860 0.062759 0.073993 0.924185
			   0.351648 0.377534 0.384860 0.062759 0.074481 0.922257
			    0.349451 0.378755 0.382662 0.062515 0.075458 0.927764
				 0.346520 0.379243 0.383639 0.062515 0.073016 0.927090
				  0.350183 0.378999 0.383394 0.063980 0.074481 0.926554
				   0.350183 0.378755 0.382662 0.062515 0.074481 0.928482
				    0.349695 0.380952 0.384127 0.062759 0.073993 0.926065
					 0.349939 0.377778 0.382173 0.062515 0.074725 0.929648
					  0.349451 0.378755 0.384860 0.063736 0.074725 0.928482
					   0.348474 0.378999 0.383150 0.063736 0.074481 0.932492
					    0.349695 0.378266 0.384860 0.063248 0.074725 0.924375
						 0.349451 0.378266 0.383639 0.062271 0.074481 0.922739
						  0.349695 0.378266 0.383639 0.064225 0.074725 0.925926
						   0.346520 0.378755 0.384860 0.062027 0.073748 0.925833
						    0.350672 0.378755 0.383639 0.062027 0.074725 0.927900
							 0.346520 0.382173 0.383883 0.063248 0.075458 0.928347
							  0.350916 0.378999 0.384860 0.063980 0.074481 0.929648
							   0.349206 0.378755 0.384860 0.062515 0.074481 0.926646
							    0.349695 0.380952 0.384860 0.062759 0.073993 0.925439
								 0.348474 0.378755 0.384127 0.060806 0.074237 0.926158
