 0.357265 0.380220 0.384127 0.062759 0.071551 0.920176
  0.357265 0.377778 0.384860 0.063004 0.071551 0.917293
   0.357021 0.380952 0.384615 0.062759 0.072283 0.919021
    0.356044 0.380220 0.386325 0.063004 0.072039 0.922062
	 0.353358 0.382906 0.384860 0.063004 0.071795 0.923415
	  0.355311 0.381197 0.384860 0.063004 0.072039 0.922739
	   0.355311 0.383150 0.384860 0.063248 0.071306 0.924576
	    0.355067 0.380952 0.385104 0.063248 0.071306 0.921053
		 0.355800 0.378999 0.385104 0.063004 0.071062 0.922739
		  0.354579 0.380952 0.384860 0.063004 0.071062 0.923415
		   0.355311 0.378755 0.384615 0.063004 0.070818 0.923415
		    0.354823 0.378755 0.384860 0.063248 0.072772 0.927136
			 0.355556 0.380220 0.384860 0.063492 0.071551 0.930861
			  0.357021 0.380952 0.386813 0.063004 0.071795 0.923415
			   0.354335 0.378755 0.385104 0.063492 0.069841 0.923415
			    0.355556 0.378755 0.384371 0.063492 0.071795 0.920176
				 0.355067 0.380952 0.383883 0.062515 0.070818 0.926906
				  0.353602 0.377778 0.384860 0.062515 0.071062 0.924576
				   0.354823 0.382906 0.384615 0.062759 0.071795 0.925739
				    0.353358 0.379243 0.384860 0.063248 0.071306 0.922257
					 0.354579 0.379487 0.383883 0.062515 0.072283 0.924576
					  0.353602 0.377289 0.381685 0.062515 0.071062 0.916667
					   0.355311 0.378755 0.384860 0.062515 0.071062 0.926158
					    0.352381 0.378755 0.385836 0.062759 0.071551 0.924576
						 0.355311 0.379243 0.383883 0.063248 0.071306 0.923995
						  0.358242 0.379976 0.385348 0.064225 0.071551 0.922257
						   0.353602 0.378755 0.384860 0.063248 0.070818 0.927090
						    0.353846 0.380952 0.384860 0.062759 0.071551 0.924185
							 0.355311 0.378755 0.383883 0.062759 0.071306 0.917293
							  0.355556 0.377534 0.384860 0.063248 0.071306 0.927490
							   0.354823 0.380952 0.384860 0.063248 0.071062 0.922257
							    0.355311 0.379243 0.383150 0.062759 0.071306 0.923995
								 0.354090 0.378755 0.385104 0.063004 0.071062 0.925693
