 0.354579 0.384860 0.379487 0.062271 0.070085 0.921433
  0.353114 0.383394 0.381197 0.061538 0.069841 0.920904
   0.353358 0.382662 0.380708 0.063980 0.071306 0.920804
    0.354335 0.386813 0.381441 0.063492 0.070330 0.922739
	 0.354090 0.385836 0.381685 0.063004 0.070085 0.924386
	  0.354335 0.383639 0.380952 0.063248 0.070085 0.930774
	   0.354579 0.385592 0.381685 0.063980 0.070085 0.918393
	    0.354090 0.384860 0.378755 0.062759 0.070330 0.918546
		 0.352381 0.384860 0.381685 0.063248 0.069841 0.919749
		  0.353602 0.383639 0.380952 0.062759 0.070574 0.922495
		   0.353358 0.383883 0.380952 0.063004 0.069841 0.919648
		    0.351648 0.387546 0.378755 0.063492 0.070574 0.925879
			 0.355556 0.386813 0.381685 0.063004 0.071062 0.926721
			  0.353358 0.382662 0.381197 0.061783 0.069841 0.921482
			   0.351404 0.381929 0.381197 0.062515 0.070818 0.923995
			    0.355556 0.385104 0.382662 0.063492 0.070574 0.920954
				 0.353846 0.383883 0.381929 0.063736 0.070574 0.921482
				  0.352137 0.383394 0.380952 0.062759 0.070574 0.921003
				   0.351404 0.385836 0.379976 0.062759 0.070818 0.922110
				    0.353846 0.384860 0.380952 0.063248 0.070574 0.924968
					 0.351648 0.384860 0.380708 0.061538 0.069597 0.918393
					  0.352625 0.387546 0.381929 0.063248 0.070574 0.921679
					   0.353358 0.383639 0.380952 0.062271 0.070330 0.924576
					    0.352137 0.385836 0.381685 0.063248 0.069841 0.918444
						 0.353846 0.382906 0.383639 0.063248 0.070574 0.920904
						  0.352869 0.384127 0.380952 0.063248 0.070818 0.925739
						   0.353846 0.384860 0.381441 0.062515 0.071062 0.921679
						    0.353846 0.382662 0.378755 0.063248 0.071306 0.918393
							 0.353114 0.384127 0.381929 0.063248 0.071062 0.921679
							  0.353358 0.384860 0.381685 0.063492 0.070818 0.922062
							   0.353602 0.384615 0.381441 0.063004 0.070574 0.922836
							    0.352869 0.384860 0.381441 0.063248 0.069597 0.921532
								 0.355556 0.384127 0.381929 0.063004 0.071062 0.923174
