 0.354579 0.383883 0.384860 0.064469 0.069841 0.909205
  0.356288 0.384860 0.383150 0.062759 0.070085 0.911783
   0.352381 0.386081 0.384860 0.061538 0.070330 0.913782
    0.355556 0.382662 0.383639 0.063736 0.069841 0.906642
	 0.353358 0.383639 0.385104 0.063492 0.070330 0.913153
	  0.353846 0.384127 0.384615 0.064713 0.069597 0.915148
	   0.353358 0.384860 0.384615 0.063248 0.069597 0.908349
	    0.353114 0.383150 0.386813 0.063248 0.069841 0.909604
		 0.352625 0.384127 0.385592 0.063492 0.069353 0.906642
		  0.352869 0.381685 0.384615 0.063248 0.069597 0.909604
		   0.350672 0.385836 0.383639 0.062759 0.070085 0.912281
		    0.352381 0.383394 0.384860 0.063492 0.069353 0.912688
			 0.352869 0.384860 0.384860 0.062515 0.069353 0.917246
			  0.351893 0.383883 0.383150 0.063004 0.070330 0.909148
			   0.352381 0.383150 0.384371 0.063248 0.070330 0.911432
			    0.351648 0.384860 0.383639 0.062515 0.069353 0.910119
				 0.351404 0.384371 0.385104 0.062759 0.069597 0.911432
				  0.353602 0.382662 0.383150 0.063248 0.069353 0.913945
				   0.353602 0.383639 0.382662 0.063248 0.070330 0.915201
				    0.352625 0.383883 0.384860 0.063492 0.069109 0.909944
					 0.351648 0.382173 0.384371 0.062759 0.069841 0.923659
					  0.351648 0.381197 0.384860 0.063980 0.070085 0.915041
					   0.352625 0.383883 0.384860 0.063492 0.069353 0.917662
					    0.352625 0.384860 0.384860 0.062515 0.068864 0.917506
						 0.351404 0.384127 0.383150 0.063492 0.069353 0.908240
						  0.349695 0.383883 0.384860 0.063004 0.069109 0.914626
						   0.352381 0.383883 0.385104 0.063492 0.070330 0.911654
						    0.351648 0.384860 0.384860 0.064713 0.070085 0.916405
							 0.352381 0.385104 0.384860 0.063004 0.069353 0.916457
							  0.351893 0.383639 0.384860 0.061783 0.069353 0.913999
							   0.350427 0.384860 0.384860 0.062759 0.069597 0.915254
							    0.353602 0.384860 0.384860 0.062515 0.069597 0.914626
								 0.352625 0.384860 0.384860 0.062759 0.070330 0.914519
