 0.352869 0.387057 0.385592 0.063492 0.069353 0.907663
  0.351404 0.386325 0.384615 0.063492 0.070574 0.907779
   0.351648 0.385592 0.385836 0.063492 0.070330 0.917920
    0.350427 0.385104 0.385836 0.063980 0.069353 0.907268
	 0.351648 0.384615 0.384615 0.063980 0.069597 0.908349
	  0.351648 0.385348 0.384860 0.063004 0.069353 0.906642
	   0.351648 0.382906 0.385104 0.063492 0.071306 0.906642
	    0.349695 0.383150 0.385104 0.062759 0.069597 0.913371
		 0.351160 0.383639 0.383883 0.063492 0.069353 0.908521
		  0.349451 0.384860 0.384860 0.065446 0.070085 0.909148
		   0.348474 0.384860 0.384860 0.063492 0.069353 0.918444
		    0.348962 0.384860 0.384860 0.063492 0.069353 0.920176
			 0.351648 0.384860 0.384615 0.065446 0.069597 0.919446
			  0.348474 0.382662 0.384615 0.064957 0.070085 0.920854
			   0.346520 0.386569 0.384860 0.063492 0.069597 0.920755
			    0.348474 0.384860 0.385104 0.063492 0.069841 0.919648
				 0.349695 0.383883 0.384860 0.063980 0.070574 0.917868
				  0.347741 0.384860 0.383639 0.063736 0.069841 0.922062
				   0.347985 0.381929 0.385592 0.063492 0.069597 0.927169
				    0.346520 0.385592 0.384860 0.063492 0.069353 0.924968
					 0.348962 0.383883 0.384860 0.063492 0.070330 0.920904
					  0.347497 0.382906 0.385836 0.063492 0.069597 0.919021
					   0.348962 0.384860 0.384860 0.063492 0.069353 0.922110
					    0.347985 0.383639 0.384860 0.063248 0.068864 0.919648
						 0.350672 0.383883 0.385104 0.063980 0.071306 0.922593
						  0.348962 0.382906 0.386813 0.063980 0.069109 0.920226
						   0.348718 0.385836 0.385348 0.064225 0.069597 0.920804
						    0.348962 0.384860 0.385592 0.065446 0.069353 0.920426
							 0.349695 0.381685 0.385104 0.063492 0.070330 0.918648
							  0.349451 0.385836 0.384615 0.063980 0.069841 0.925646
							   0.347497 0.384127 0.384860 0.063492 0.069109 0.921532
							    0.346032 0.383883 0.386813 0.063492 0.069597 0.919021
								 0.347741 0.385104 0.384860 0.063004 0.069841 0.923851
