 0.339683 0.382662 0.386569 0.064957 0.070330 0.933459
  0.337973 0.381685 0.388767 0.065446 0.069597 0.942369
   0.339683 0.381197 0.383639 0.065934 0.070818 0.934673
    0.339927 0.381685 0.385592 0.066667 0.070818 0.934591
	 0.338950 0.382662 0.383883 0.065201 0.069353 0.930276
	  0.337729 0.385104 0.386081 0.065690 0.070330 0.932118
	   0.339683 0.384860 0.386325 0.066422 0.070574 0.929020
	    0.339683 0.383394 0.384615 0.065934 0.071062 0.932789
		 0.337729 0.382662 0.385836 0.064957 0.070330 0.926692
		  0.339683 0.382906 0.390720 0.065201 0.070574 0.937460
		   0.340171 0.382662 0.386325 0.063248 0.069109 0.929604
		    0.338950 0.385836 0.386813 0.065934 0.068376 0.932331
			 0.340171 0.382906 0.386813 0.064957 0.070330 0.931576
			  0.337729 0.381197 0.386813 0.064957 0.069597 0.934550
			   0.337973 0.382173 0.386813 0.065690 0.070574 0.942102
			    0.339927 0.382173 0.385592 0.065690 0.070085 0.934632
				 0.339683 0.382662 0.387057 0.066422 0.069841 0.931490
				  0.336752 0.382662 0.385836 0.065446 0.070574 0.934045
				   0.339927 0.382662 0.386569 0.065690 0.070330 0.938170
				    0.340659 0.382418 0.386325 0.065934 0.070818 0.933417
					 0.338706 0.382662 0.386569 0.066422 0.069841 0.931661
					  0.340415 0.381685 0.386081 0.064957 0.070085 0.931078
					   0.340904 0.382173 0.386569 0.065690 0.070085 0.929198
					    0.340171 0.381197 0.384615 0.065446 0.070330 0.934087
						 0.340659 0.384860 0.384615 0.066422 0.071306 0.933459
						  0.342857 0.380952 0.385592 0.064957 0.069841 0.930451
						   0.339683 0.383639 0.384615 0.065690 0.071062 0.934045
						    0.340171 0.383883 0.386569 0.066178 0.069353 0.931078
							 0.339683 0.382173 0.386569 0.065446 0.070574 0.934045
							  0.340171 0.386569 0.386569 0.065201 0.069597 0.931576
							   0.340171 0.383150 0.386813 0.067399 0.070330 0.926158
							    0.340171 0.380220 0.387057 0.065690 0.070330 0.935138
								 0.340415 0.381197 0.387546 0.065690 0.070574 0.933459
