 0.347497 0.382906 0.386081 0.071306 0.070330 0.928347
  0.345543 0.379487 0.386813 0.073504 0.070330 0.930232
   0.347497 0.381685 0.385348 0.070330 0.069841 0.924185
    0.346520 0.381197 0.386813 0.071306 0.070330 0.927854
	 0.346032 0.381929 0.385836 0.071306 0.070330 0.931403
	  0.346764 0.382662 0.384860 0.070085 0.069597 0.928931
	   0.347009 0.381685 0.385592 0.070818 0.070330 0.924576
	    0.346520 0.381197 0.385104 0.070574 0.069353 0.930687
		 0.346520 0.382173 0.385592 0.070574 0.070085 0.928931
		  0.345543 0.383883 0.385104 0.071306 0.070574 0.929471
		   0.346520 0.381197 0.384860 0.071306 0.070818 0.927181
		    0.347741 0.382173 0.385592 0.071306 0.070818 0.927900
			 0.345788 0.381929 0.385592 0.071062 0.069841 0.930232
			  0.347009 0.383150 0.384615 0.070330 0.071306 0.932577
			   0.343590 0.380464 0.384860 0.070085 0.070330 0.929427
			    0.344567 0.382173 0.386081 0.071062 0.070330 0.926692
				 0.345788 0.384371 0.384860 0.071306 0.069597 0.929648
				  0.347253 0.384860 0.385104 0.070574 0.069841 0.929648
				   0.347253 0.381197 0.383394 0.070330 0.069841 0.926600
				    0.346520 0.382173 0.386813 0.071306 0.070330 0.930232
					 0.346032 0.382173 0.386813 0.070574 0.070818 0.930232
					  0.347253 0.379731 0.384615 0.070330 0.069841 0.928975
					   0.346032 0.382173 0.385836 0.071306 0.070330 0.928392
					    0.347009 0.383394 0.384860 0.070330 0.069841 0.929065
						 0.346764 0.381197 0.385348 0.069841 0.069597 0.930904
						  0.347253 0.381197 0.384371 0.072039 0.070330 0.929065
						   0.347253 0.381685 0.384615 0.070330 0.070085 0.929560
						    0.345055 0.381685 0.384615 0.071062 0.070574 0.929648
							 0.346764 0.382173 0.384371 0.071551 0.070574 0.928347
							  0.347741 0.382173 0.385592 0.071795 0.070085 0.930232
							   0.346764 0.381685 0.384860 0.070574 0.069841 0.928347
							    0.351648 0.384127 0.385348 0.071306 0.070574 0.926296
								 0.345543 0.381441 0.384615 0.070574 0.070330 0.927764
