 0.356288 0.383150 0.382662 0.130159 0.070574 0.906642
  0.356288 0.380464 0.384860 0.129426 0.071551 0.906642
   0.358974 0.383394 0.380952 0.129915 0.072039 0.912468
    0.358486 0.382173 0.378755 0.130159 0.071551 0.911783
	 0.358242 0.383394 0.381685 0.129182 0.071306 0.910748
	  0.357509 0.383639 0.381441 0.130159 0.070818 0.911432
	   0.358242 0.383150 0.381685 0.129182 0.070818 0.912633
	    0.357509 0.381685 0.382662 0.129915 0.070574 0.906642
		 0.358730 0.384860 0.381197 0.129915 0.071306 0.907268
		  0.356532 0.382418 0.382662 0.130159 0.070818 0.910119
		   0.357998 0.383150 0.382173 0.130891 0.071062 0.908349
		    0.357265 0.384860 0.381197 0.129182 0.070574 0.908862
			 0.356777 0.383639 0.381441 0.128938 0.071306 0.907210
			  0.355311 0.382173 0.380952 0.130159 0.070574 0.907268
			   0.357265 0.382662 0.382173 0.128938 0.071306 0.909091
			    0.357265 0.383150 0.380708 0.130403 0.071795 0.914196
				 0.357998 0.383394 0.380708 0.131380 0.070574 0.906642
				  0.358486 0.385836 0.381197 0.129670 0.070818 0.908349
				   0.357265 0.382418 0.381929 0.130891 0.071551 0.908920
				    0.357509 0.383394 0.380708 0.129670 0.071795 0.915511
					 0.357509 0.382906 0.381929 0.129915 0.071306 0.909491
					  0.357753 0.381929 0.382418 0.129426 0.070574 0.903955
					   0.356288 0.378266 0.378755 0.129670 0.071551 0.913891
					    0.357753 0.383394 0.381197 0.129915 0.071306 0.913674
						 0.357021 0.386813 0.382662 0.130159 0.070818 0.908862
						  0.358486 0.383394 0.382173 0.129670 0.070574 0.914573
						   0.357753 0.383150 0.381441 0.130403 0.071306 0.911783
						    0.357265 0.385592 0.381929 0.130891 0.072283 0.911432
							 0.357265 0.383394 0.382906 0.130891 0.070574 0.910636
							  0.356044 0.382173 0.382173 0.130159 0.070330 0.909491
							   0.356044 0.382418 0.384860 0.129670 0.070330 0.910119
							    0.357509 0.382173 0.382662 0.130891 0.070818 0.909434
								 0.357753 0.387057 0.383394 0.130159 0.071062 0.906642


